1960 69.12
1961 69.76
1962 69.15
1963 69.25
1964 70.31
1965 70.17
1966 70.93
1967 70.96
1968 70.78
1969 70.81
1970 71.56
1971 71.81
1972 72.08
1973 72.03
1974 72.73
1975 72.65
1976 72.99
1977 73.36
1978 73.69
1979 74.00
1980 73.94
1981 74.35
1982 74.81
1983 74.64
1984 75.39
1985 75.47
1986 75.77
1987 76.22
1988 76.37
1989 76.82
1990 76.97
1991 77.02
1992 77.42
1993 77.72
1994 77.92
1995 78.17
1996 78.52
1997 78.82
1998 78.98
1999 79.42
2000 79.78
2001 80.13
2002 80.23
2003 79.98
2004 80.78
2005 80.78
2006 81.28
2007 81.43
2008 81.49
2009 81.64
2010 82.04
2011 82.19
2012 82.24
2013 82.69
2014 83.09
2015 82.54
2016 83.24
2017 82.95
2018 83.35
2019 83.20
