1.69
1.74
1.88
1.75
1.75
1.80
1.82
1.71
1.85
1.73
1.59
1.67
1.64
1.86
1.72
1.78
1.65
1.89
1.68
1.71
1.59
1.69
1.78
1.75
1.75
1.68
1.75
1.87
1.88
1.78
1.77
1.67
1.68
1.68
1.76
1.70
1.75
1.86
1.70
1.72
1.91
1.82
2.00
1.66
1.73
1.75
1.69
1.66
1.74
1.72
1.87
1.59
1.69
1.61
1.91
1.75
1.63
1.76
1.76
1.92
1.91
1.80
1.73
1.73
1.83
1.65
1.68
1.92
1.78
1.77
1.83
1.75
1.85
1.69
1.84
1.85
1.74
1.59
1.79
1.69
1.84
1.70
1.79
1.67
1.95
1.69
1.71
1.69
1.94
1.82
1.71
1.61
1.66
1.91
1.74
1.61
1.84
1.90
1.59
1.65
1.59
1.60
1.69
1.67
1.93
1.70
1.80
1.77
1.82
1.75
1.73
1.71
1.82
1.80
1.67
1.72
1.69
1.73
1.77
1.80
1.69
1.84
1.74
1.67
1.80
1.82
1.82
1.73
1.80
1.72
1.72
1.79
1.79
1.72
1.58
1.96
1.76
1.85
1.49
1.79
1.76
1.75
1.64
1.71
1.76
1.59
1.54
1.82
1.65
1.66
1.85
1.74
1.90
1.86
1.67
1.93
1.85
1.75
1.68
1.64
1.70
1.59
1.65
1.76
1.74
1.94
1.62
1.85
1.83
1.81
1.92
1.66
1.80
1.73
1.81
1.71
1.92
1.86
1.81
1.68
1.75
1.79
1.82
1.86
1.65
2.02
1.80
1.65
1.82
1.71
1.77
1.52
1.97
1.89
1.82
1.59
1.85
2.01
1.74
1.70
1.82
1.75
1.50
1.86
1.79
1.66
1.86
1.78
1.74
1.65
1.73
1.85
1.80
1.83
1.78
1.91
1.65
1.75
1.85
1.78
1.66
1.91
1.55
1.68
1.80
1.84
1.71
1.72
1.77
1.94
1.75
1.76
1.58
1.57
1.71
1.67
1.74
1.69
1.70
1.74
1.64
1.77
1.92
1.82
1.76
1.84
1.88
1.77
1.70
1.77
1.84
1.67
1.55
1.86
1.71
1.69
1.92
1.91
1.89
1.70
1.58
1.67
1.78
1.72
1.72
1.83
1.81
1.73
1.64
1.68
1.84
1.80
1.58
1.59
1.92
1.66
1.82
1.83
1.80
1.85
1.74
1.68
1.82
1.84
1.75
1.72
1.42
1.82
1.81
1.79
1.67
1.76
1.62
1.75
1.80
1.68
1.64
1.73
1.69
1.72
1.77
1.78
1.67
1.74
1.59
1.89
1.67
1.76
1.41
1.64
1.75
1.67
1.77
1.67
1.78
1.87
1.72
1.54
1.65
1.62
1.83
1.82
1.67
1.97
1.93
1.67
1.83
1.64
1.72
1.83
1.59
1.88
1.72
1.61
1.59
1.70
1.67
1.60
1.87
1.74
1.83
1.88
1.79
1.70
1.69
1.69
1.77
1.68
1.76
1.74
1.88
1.74
1.83
1.60
1.59
1.65
1.77
1.71
1.61
1.71
1.67
1.70
1.90
1.76
1.75
1.80
1.86
1.84
1.82
1.80
1.69
1.71
1.71
1.79
1.62
1.60
1.71
1.76
1.79
1.75
1.86
1.68
1.85
1.85
1.67
1.84
1.83
1.69
1.50
1.87
1.78
1.64
1.77
1.61
1.73
2.04
1.98
1.79
1.71
1.83
1.60
1.70
1.86
1.75
1.69
1.62
1.68
1.69
1.88
1.59
1.59
1.63
1.73
1.62
1.92
1.76
1.79
1.90
1.75
1.67
1.66
1.92
1.70
1.74
1.92
1.66
1.86
1.79
1.70
1.76
1.92
1.76
1.70
1.72
1.89
1.63
1.62
1.70
1.95
1.86
1.90
1.76
1.86
1.81
1.61
1.64
1.70
1.83
1.68
1.85
1.74
1.71
1.67
1.60
1.63
1.73
1.79
1.97
1.64
1.65
1.80
1.88
1.85
1.89
1.84
1.61
1.66
1.80
1.72
1.64
1.61
1.72
1.80
1.80
1.75
1.70
1.75
1.70
1.81
1.81
1.79
1.65
1.79
1.78
1.64
1.93
1.72
1.59
1.67
1.84
1.64
1.66
1.73
1.72
1.50
1.82
1.60
1.90
1.78
1.68
1.77
1.67
1.72
1.79
1.98
1.86
1.89
1.80
1.94
1.62
1.76
1.72
1.62
1.84
1.72
1.84
1.91
1.51
1.63
1.78
1.49
1.74
1.65
1.67
1.71
1.74
1.69
1.83
1.76
1.70
1.77
1.68
1.65
1.74
1.67
1.66
1.80
1.79
1.55
1.76
1.70
1.59
1.84
1.75
1.73
1.94
1.73
1.51
1.86
1.67
1.72
1.81
1.76
1.81
1.61
1.80
1.80
1.73
1.75
1.93
1.74
1.73
1.67
1.74
1.71
1.82
1.78
1.84
1.69
1.75
1.75
1.73
1.63
1.82
1.62
1.64
1.79
1.78
1.63
1.80
1.69
1.68
1.85
1.81
1.87
1.72
1.71
1.93
1.65
1.64
1.84
1.98
1.77
1.90
1.65
1.86
1.74
1.64
1.70
1.66
1.66
1.63
1.78
1.86
1.74
1.60
1.80
1.69
1.78
1.63
1.78
1.82
1.75
1.56
1.73
1.85
1.70
1.72
1.55
1.88
1.76
1.80
1.87
1.77
1.71
1.58
1.89
1.77
1.83
1.69
1.67
1.91
1.83
1.70
1.73
1.68
1.95
1.81
1.75
1.82
1.70
1.67
1.83
1.71
1.83
1.88
1.72
1.74
1.95
1.72
1.74
2.05
1.63
1.86
2.09
1.81
1.84
1.69
1.73
1.84
1.64
1.65
1.85
1.60
1.90
1.63
1.70
1.79
1.74
1.72
1.73
1.71
1.78
1.83
1.63
1.78
1.75
1.79
1.56
1.69
1.75
1.64
1.82
1.78
1.73
1.81
1.57
1.79
1.72
1.83
1.68
1.68
1.86
1.77
1.73
1.84
1.78
1.74
1.56
1.74
1.53
1.59
1.83
1.71
1.76
1.71
1.67
1.69
1.74
1.59
1.57
1.84
1.66
1.67
1.68
1.66
1.75
1.75
1.84
1.64
1.86
1.95
1.91
1.72
1.81
1.87
1.58
1.73
1.79
1.86
1.77
1.79
1.70
1.54
1.79
1.79
1.83
1.59
1.58
1.66
1.59
1.72
1.71
1.82
1.77
2.01
1.64
1.75
1.70
1.72
1.68
1.68
1.72
1.65
1.75
1.71
1.75
1.80
1.85
1.81
1.63
1.83
1.65
1.70
1.72
1.59
1.91
1.66
1.64
1.70
1.73
1.89
1.70
1.69
1.76
1.70
1.78
1.68
1.76
1.79
1.79
1.89
1.71
1.69
1.93
1.66
1.61
1.73
1.79
1.71
1.77
1.90
1.88
1.70
1.67
1.82
1.67
1.68
1.79
1.75
1.71
1.85
1.54
1.83
1.67
1.57
1.77
1.94
1.83
1.79
1.75
1.73
1.65
1.82
1.75
1.59
1.84
1.83
1.78
1.77
1.88
1.79
1.62
1.86
1.92
1.72
1.77
1.93
1.95
1.68
1.64
1.71
1.72
1.75
1.78
1.73
1.67
1.56
1.61
1.69
1.66
1.85
1.90
1.76
1.68
1.55
1.79
1.85
1.81
1.78
1.79
1.77
1.88
1.80
1.66
1.63
1.95
1.97
1.69
1.79
1.66
1.74
1.67
1.87
1.72
1.73
1.89
1.72
1.51
1.76
1.75
1.76
1.63
1.84
1.71
1.81
1.52
1.76
1.75
1.86
1.67
1.74
1.71
1.82
1.85
1.79
1.77
1.73
1.86
1.65
1.67
1.77
1.66
1.76
1.77
1.62
1.76
1.70
1.93
1.82
1.84
2.01
1.79
1.93
1.57
1.79
1.59
1.83
1.70
1.72
1.66
1.89
1.68
1.63
1.60
1.97
1.73
1.71
1.77
1.79
1.77
1.68
1.76
1.85
1.91
1.63
1.88
1.79
1.57
1.81
1.66
1.79
1.74
1.71
1.76
1.65
1.74
1.76
1.93
1.77
1.73
1.79
1.67
1.80
1.86
1.74
1.79
1.81
1.83
1.87
1.89
1.72
1.75
1.64
1.71
1.80
1.83
1.78
1.89
1.67
1.88
1.79
1.91
1.65
1.91
1.88
1.72
1.80
1.88
1.75
1.87
1.84
1.78
1.68
1.91
1.90
1.75
1.73
1.82
1.78
1.83
1.75
1.56
1.83
1.85
1.91
1.72
1.93
1.96
1.63
1.76
1.76
1.73
1.73
1.88
1.84
1.79
1.84
1.57
1.57
