1960 2.35
1961 2.05
1962 4.69
1963 7.45
1964 5.91
1965 4.52
1966 2.35
1967 3.73
1968 1.28
1969 2.66
1970 4.97
1971 4.79
1972 5.75
1973 10.80
1974 19.16
1975 16.95
1976 16.61
1977 17.13
1978 12.09
1979 14.80
1980 21.06
1981 17.97
1982 16.48
1983 14.65
1984 10.79
1985 9.21
1986 5.82
1987 4.75
1988 5.06
1989 6.26
1990 6.46
1991 6.25
1992 5.27
1993 4.63
1994 4.05
1995 5.24
1996 4.01
1997 2.04
1998 1.96
1999 1.66
2000 2.54
2001 2.79
2002 2.47
2003 2.67
2004 2.21
2005 1.99
2006 2.09
2007 1.83
2008 3.35
2009 0.77
2010 1.53
2011 2.78
2012 3.04
2013 1.22
2014 0.24
2015 0.04
2016 -0.09
2017 1.23
2018 1.14
2019 0.61
2020 -0.14
