1960 9683.75
1961 10408.72
1962 10979.89
1963 11511.55
1964 11736.66
1965 12018.58
1966 12639.24
1967 13448.87
1968 14238.80
1969 15021.82
1970 15729.86
1971 15941.31
1972 16436.05
1973 17488.25
1974 18329.79
1975 17839.80
1976 19015.86
1977 19420.10
1978 19978.03
1979 21107.43
1980 21786.49
1981 21944.06
1982 22018.50
1983 22267.86
1984 22981.05
1985 23617.25
1986 24291.37
1987 25064.19
1988 26102.86
1989 26967.09
1990 27479.58
1991 27883.03
1992 28096.56
1993 27839.92
1994 28432.97
1995 29253.32
1996 29615.57
1997 30141.65
1998 30678.57
1999 31172.08
2000 32337.90
2001 32950.42
2002 32984.94
2003 32884.16
2004 33137.15
2005 33244.40
2006 33738.13
2007 34067.39
2008 33516.88
2009 31602.56
2010 32045.28
2011 32216.50
2012 31172.02
2013 30245.46
2014 29967.86
2015 30230.23
2016 30673.31
2017 31231.66
2018 31585.76
2019 32043.91
2020 29287.08
